1733120822354
1733120822480
1733120822618
1733120822760
1733120822863
1733120822980
1733120823096
1733120823213
1733120823344
1733120823447
1733120823595
1733120823722
1733120823857
1733120823987
1733120824120
1733120824253
1733120824383
1733120824500
1733120824630
1733120824757
1733120825037
1733120825165
1733120825317
1733120825462
1733120825580
1733120825696
1733120825795
1733120825904
1733120826011
1733120826114
1733120826246
1733120826378
1733120826492
1733120826597
1733120826710
1733120826823
1733120826940
1733120827058
1733120827164
1733120827264
1733120827378
1733120827479
1733120827604
1733120827705
1733120827817
1733120827967
1733120828126
1733120828225
1733120828334
1733120828442
1733120828542
1733120828650
1733120828753
1733120828872
1733120829081
1733120829223
1733120829362
1733120829487
1733120829619
1733120829747
1733120829888
1733120830022
1733120830153
1733120830280
1733120830431
1733120830627
1733120830762
1733120830944
1733120831072
1733120831217
1733120831346
1733120831479
1733120831622
1733120831754
1733120831882
1733120832010
1733120832141
1733120832266
1733120832399
1733120832525
1733120832649
1733120832776
1733120832905
1733120833073
1733120833213
1733120833354
1733120833496
1733120833679
1733120833820
1733120833944
1733120834077
1733120834252
1733120834404
1733120834545
1733120834785
1733120834992
1733120835179
1733120835362
1733120835495
1733120835679
1733120835842
1733120836017
1733120836150
1733120836282
1733120836409
1733120836583
1733120836776
1733120836955
1733120837167
1733120837296
1733120837442
1733120837636
1733120837821
1733120837961
1733120838135
1733120838269
1733120838395
1733120838535
1733120838662
1733120838796
1733120838972
1733120839154
1733120839336
1733120839527
1733120839713
1733120839916
1733120840117
1733120840302
1733120840432
1733120840565
1733120840750
1733120840932
1733120841119
1733120841306
1733120841507
1733120841687
1733120841876
1733120842043
1733120842177
1733120842354
1733120842521
1733120842769
1733120842904
1733120843071
1733120843263
1733120843452
1733120843633
1733120843811
1733120843973
1733120844106
1733120844223
1733120844415
1733120844532
1733120844698
1733120844867
1733120845003
1733120845187
1733120845425
1733120845626
1733120845751
1733120845935
1733120846110
1733120846292
1733120846519
1733120846723
1733120846897
1733120847095
1733120847244
1733120847354
1733120847518
1733120847677
1733120847861
1733120847901
1733120848156
1733120848298
1733120848441
1733120848539
1733120848681
1733120848840
1733120849004
1733120849166
1733120849202
1733120849368
1733120849552
1733120849709
1733120849875
1733120850033
1733120850208
1733120850387
1733120850599
1733120850819
1733120850985
1733120851159
1733120851334
1733120851491
1733120851626
1733120851767
1733120851892
1733120852092
1733120852215
1733120852348
1733120852473
1733120852581
1733120852690
1733120852781
1733120852960
1733120853069
1733120853193
1733120853321
1733120853435
1733120853533
1733120853682
1733120853783
1733120853883
1733120853991
1733120854099
1733120854227
1733120854342
1733120854458
1733120854567
1733120854740
1733120854936
1733120855110
1733120855284
1733120855443
1733120855615
1733120855750
1733120855875
1733120855990
1733120856105
1733120856280
1733120856397
1733120856498
1733120856605
1733120856698
1733120856808
1733120856915
1733120857028
1733120857160
1733120857301
1733120857433
1733120857567
1733120857683
1733120857807
1733120857933
1733120858111
1733120858295
1733120858416
1733120858592
